0.0 0.5
0.166666666667 0.5
0.166666666667 0.333333333333
0.166666666667 0.25
0.166666666667 0.2
0.166666666667 0.166666666667
0.166666666667 0.142857142857
0.166666666667 0.125
0.166666666667 0.111111111111
0.166666666667 0.1
0.166666666667 0.0909090909091
0.166666666667 0.0833333333333
0.166666666667 0.0769230769231
0.166666666667 0.0714285714286
0.166666666667 0.0666666666667
0.166666666667 0.0625
0.166666666667 0.0588235294118
0.166666666667 0.0555555555556
0.166666666667 0.0526315789474
0.166666666667 0.05
0.166666666667 0.047619047619
0.166666666667 0.0454545454545
0.166666666667 0.0434782608696
0.166666666667 0.0434782608696
0.166666666667 0.0434782608696
0.166666666667 0.0434782608696
0.166666666667 0.0434782608696
0.166666666667 0.0434782608696
0.166666666667 0.0434782608696
0.166666666667 0.0434782608696
0.166666666667 0.0434782608696
0.166666666667 0.0434782608696
0.166666666667 0.0434782608696
0.166666666667 0.0434782608696
0.166666666667 0.0434782608696
0.166666666667 0.0434782608696
0.166666666667 0.0434782608696
0.166666666667 0.0434782608696
0.166666666667 0.0434782608696
0.166666666667 0.0434782608696
0.166666666667 0.0434782608696
0.166666666667 0.0434782608696
0.166666666667 0.0434782608696
0.166666666667 0.0434782608696
0.166666666667 0.0434782608696
0.333333333333 0.0434782608696
0.333333333333 0.0425531914894
0.333333333333 0.0416666666667
0.333333333333 0.0408163265306
0.333333333333 0.04
0.333333333333 0.0392156862745
0.333333333333 0.0384615384615
0.333333333333 0.0377358490566
0.333333333333 0.037037037037
0.333333333333 0.0363636363636
0.333333333333 0.0357142857143
0.333333333333 0.0350877192982
0.333333333333 0.0344827586207
0.333333333333 0.0338983050847
0.333333333333 0.0333333333333
0.333333333333 0.0327868852459
0.333333333333 0.0322580645161
0.333333333333 0.031746031746
0.333333333333 0.03125
0.333333333333 0.0307692307692
0.333333333333 0.030303030303
0.333333333333 0.0298507462687
0.333333333333 0.0294117647059
0.333333333333 0.0289855072464
0.333333333333 0.0285714285714
0.333333333333 0.0281690140845
0.333333333333 0.0277777777778
0.333333333333 0.027397260274
0.333333333333 0.027027027027
0.333333333333 0.0266666666667
0.333333333333 0.0263157894737
0.333333333333 0.025974025974
0.333333333333 0.025641025641
0.333333333333 0.0253164556962
0.333333333333 0.025
0.333333333333 0.0246913580247
0.333333333333 0.0243902439024
0.333333333333 0.0240963855422
0.333333333333 0.0238095238095
0.333333333333 0.0235294117647
0.333333333333 0.0232558139535
0.333333333333 0.0229885057471
0.333333333333 0.0227272727273
0.333333333333 0.0224719101124
0.333333333333 0.0222222222222
0.333333333333 0.0220588235294
0.333333333333 0.0220588235294
0.333333333333 0.0220588235294
0.333333333333 0.0220588235294
0.333333333333 0.0220588235294
0.333333333333 0.0220588235294
0.333333333333 0.0220588235294
0.333333333333 0.0220588235294
0.333333333333 0.0220588235294
0.333333333333 0.0220588235294
0.333333333333 0.0220588235294
0.333333333333 0.0220588235294
0.333333333333 0.0220588235294
0.333333333333 0.0220588235294
0.333333333333 0.0220588235294
0.333333333333 0.0220588235294
0.333333333333 0.0220588235294
0.333333333333 0.0220588235294
0.333333333333 0.0220588235294
0.333333333333 0.0220588235294
0.333333333333 0.0220588235294
0.333333333333 0.0220588235294
0.333333333333 0.0220588235294
0.333333333333 0.0220588235294
0.333333333333 0.0220588235294
0.333333333333 0.0220588235294
0.333333333333 0.0220588235294
0.333333333333 0.0220588235294
0.333333333333 0.0220588235294
0.333333333333 0.0220588235294
0.333333333333 0.0220588235294
0.333333333333 0.0220588235294
0.333333333333 0.0220588235294
0.333333333333 0.0220588235294
0.333333333333 0.0220588235294
0.333333333333 0.0220588235294
0.333333333333 0.0220588235294
0.333333333333 0.0220588235294
0.333333333333 0.0220588235294
0.333333333333 0.0220588235294
0.333333333333 0.0220588235294
0.333333333333 0.0220588235294
0.333333333333 0.0220588235294
0.333333333333 0.0220588235294
0.333333333333 0.0220588235294
0.5 0.0220588235294
0.5 0.021897810219
0.5 0.0217391304348
0.5 0.0215827338129
0.5 0.0214285714286
0.5 0.0212765957447
0.5 0.0211267605634
0.5 0.020979020979
0.5 0.0208333333333
0.5 0.0206896551724
0.5 0.0205479452055
0.5 0.0204081632653
0.5 0.0202702702703
0.5 0.0201342281879
0.5 0.02
0.5 0.0198675496689
0.5 0.0197368421053
0.5 0.0196078431373
0.5 0.0194805194805
0.5 0.0193548387097
0.5 0.0192307692308
0.5 0.0191082802548
0.5 0.0189873417722
0.5 0.0188679245283
0.5 0.01875
0.5 0.0186335403727
0.5 0.0185185185185
0.5 0.0184049079755
0.5 0.0182926829268
0.5 0.0181818181818
0.5 0.0180722891566
0.5 0.0179640718563
0.5 0.0178571428571
0.5 0.0177514792899
0.5 0.0176470588235
0.5 0.0175438596491
0.5 0.0174418604651
0.5 0.0173410404624
0.5 0.0172413793103
0.5 0.0171428571429
0.5 0.0170454545455
0.5 0.0169491525424
0.5 0.0168539325843
0.5 0.0167597765363
0.5 0.0166666666667
0.5 0.0165745856354
0.5 0.0165289256198
0.5 0.0165289256198
0.5 0.0165289256198
0.5 0.0165289256198
0.5 0.0165289256198
0.5 0.0165289256198
0.5 0.0165289256198
0.5 0.0165289256198
0.5 0.0165289256198
0.5 0.0165289256198
0.5 0.0165289256198
0.5 0.0165289256198
0.5 0.0165289256198
0.5 0.0165289256198
0.5 0.0165289256198
0.5 0.0165289256198
0.5 0.0165289256198
0.5 0.0165289256198
0.5 0.0165289256198
0.5 0.0165289256198
0.5 0.0165289256198
0.5 0.0165289256198
0.5 0.0165289256198
0.5 0.0165289256198
0.5 0.0165289256198
0.5 0.0165289256198
0.5 0.0165289256198
0.5 0.0165289256198
0.5 0.0165289256198
0.5 0.0165289256198
0.5 0.0165289256198
0.5 0.0165289256198
0.5 0.0165289256198
0.5 0.0165289256198
0.5 0.0165289256198
0.5 0.0165289256198
0.5 0.0165289256198
0.5 0.0165289256198
0.5 0.0165289256198
0.5 0.0165289256198
0.5 0.0165289256198
0.5 0.0165289256198
0.5 0.0165289256198
0.5 0.0165289256198
0.5 0.0165289256198
0.5 0.0165289256198
0.5 0.0165289256198
0.5 0.0165289256198
0.5 0.0165289256198
0.5 0.0165289256198
0.5 0.0165289256198
0.5 0.0165289256198
0.5 0.0165289256198
0.5 0.0165289256198
0.5 0.0165289256198
0.5 0.0165289256198
0.5 0.0165289256198
0.5 0.0165289256198
0.5 0.0165289256198
0.5 0.0165289256198
0.666666666667 0.0165289256198
0.666666666667 0.0164609053498
0.666666666667 0.016393442623
0.666666666667 0.0163265306122
0.666666666667 0.0162601626016
0.666666666667 0.0161943319838
0.666666666667 0.0161290322581
0.666666666667 0.0160642570281
0.666666666667 0.016
0.666666666667 0.0159362549801
0.666666666667 0.015873015873
0.666666666667 0.0158102766798
0.666666666667 0.0157480314961
0.666666666667 0.0156862745098
0.666666666667 0.015625
0.666666666667 0.0155642023346
0.666666666667 0.015503875969
0.666666666667 0.015444015444
0.666666666667 0.0153846153846
0.666666666667 0.0153256704981
0.666666666667 0.0152671755725
0.666666666667 0.0152091254753
0.666666666667 0.0151515151515
0.666666666667 0.0150943396226
0.666666666667 0.015037593985
0.666666666667 0.0149812734082
0.666666666667 0.0149253731343
0.666666666667 0.0148698884758
0.666666666667 0.0148148148148
0.666666666667 0.0147601476015
0.666666666667 0.0147058823529
0.666666666667 0.014652014652
0.666666666667 0.014598540146
0.666666666667 0.0145454545455
0.666666666667 0.0144927536232
0.666666666667 0.014440433213
0.666666666667 0.0143884892086
0.666666666667 0.0143369175627
0.666666666667 0.0142857142857
0.666666666667 0.0142348754448
0.666666666667 0.0141843971631
0.666666666667 0.0141342756184
0.666666666667 0.0140845070423
0.666666666667 0.0140350877193
0.666666666667 0.013986013986
0.666666666667 0.01393728223
0.666666666667 0.0138888888889
0.666666666667 0.0138408304498
0.666666666667 0.0137931034483
0.666666666667 0.0137457044674
0.666666666667 0.013698630137
0.666666666667 0.0136518771331
0.666666666667 0.0136054421769
0.666666666667 0.0135593220339
0.666666666667 0.0135135135135
0.666666666667 0.013468013468
0.666666666667 0.0134228187919
0.666666666667 0.0133779264214
0.666666666667 0.0133333333333
0.666666666667 0.0132890365449
0.666666666667 0.0132450331126
0.666666666667 0.013201320132
0.666666666667 0.0131578947368
0.666666666667 0.0131147540984
0.666666666667 0.0130718954248
0.666666666667 0.0130293159609
0.666666666667 0.012987012987
0.666666666667 0.0129449838188
0.666666666667 0.0129032258065
0.666666666667 0.0128617363344
0.666666666667 0.0128205128205
0.666666666667 0.0127795527157
0.666666666667 0.0127388535032
0.666666666667 0.0126984126984
0.666666666667 0.0126582278481
0.666666666667 0.01261829653
0.666666666667 0.0125786163522
0.666666666667 0.012539184953
0.666666666667 0.0125
0.666666666667 0.01246105919
0.666666666667 0.0124223602484
0.666666666667 0.0123839009288
0.666666666667 0.0123456790123
0.666666666667 0.0123076923077
0.666666666667 0.0122699386503
0.666666666667 0.0122324159021
0.666666666667 0.0121951219512
0.666666666667 0.0121580547112
0.666666666667 0.0121212121212
0.666666666667 0.012084592145
0.666666666667 0.0120481927711
0.666666666667 0.012012012012
0.666666666667 0.0119760479042
0.666666666667 0.0119402985075
0.666666666667 0.0119047619048
0.666666666667 0.0118694362018
0.666666666667 0.0118343195266
0.666666666667 0.0117994100295
0.666666666667 0.0117647058824
0.666666666667 0.0117302052786
0.666666666667 0.0116959064327
0.666666666667 0.0116618075802
0.666666666667 0.0116279069767
0.666666666667 0.0115942028986
0.666666666667 0.0115606936416
0.666666666667 0.0115273775216
0.666666666667 0.0114942528736
0.666666666667 0.0114613180516
0.666666666667 0.0114285714286
0.666666666667 0.011396011396
0.666666666667 0.0113636363636
0.666666666667 0.0113314447592
0.666666666667 0.0112994350282
0.666666666667 0.0112676056338
0.666666666667 0.0112359550562
0.666666666667 0.0112044817927
0.666666666667 0.0111731843575
0.666666666667 0.0111420612813
0.666666666667 0.0111111111111
0.666666666667 0.01108033241
0.666666666667 0.0110497237569
0.666666666667 0.0110192837466
0.666666666667 0.010989010989
0.666666666667 0.0109589041096
0.666666666667 0.0109289617486
0.666666666667 0.0108991825613
0.666666666667 0.0108695652174
0.666666666667 0.0108401084011
0.666666666667 0.0108108108108
0.666666666667 0.010781671159
0.666666666667 0.010752688172
0.666666666667 0.0107238605898
0.666666666667 0.0106951871658
0.666666666667 0.0106666666667
0.666666666667 0.0106382978723
0.666666666667 0.0106100795756
0.666666666667 0.010582010582
0.666666666667 0.0105540897098
0.666666666667 0.0105263157895
0.666666666667 0.010498687664
0.666666666667 0.0104712041885
0.666666666667 0.0104438642298
0.666666666667 0.0104166666667
0.666666666667 0.0103896103896
0.666666666667 0.0103626943005
0.666666666667 0.0103359173127
0.666666666667 0.0103092783505
0.666666666667 0.0102827763496
0.666666666667 0.0102564102564
0.666666666667 0.0102301790281
0.666666666667 0.0102040816327
0.666666666667 0.0101781170483
0.666666666667 0.010152284264
0.666666666667 0.0101265822785
0.666666666667 0.010101010101
0.666666666667 0.0100755667506
0.666666666667 0.0100502512563
0.666666666667 0.0100250626566
0.666666666667 0.01
0.666666666667 0.00997506234414
0.666666666667 0.00995024875622
0.666666666667 0.00992555831266
0.666666666667 0.00990099009901
0.666666666667 0.00987654320988
0.666666666667 0.00985221674877
0.666666666667 0.00982800982801
0.666666666667 0.00980392156863
0.666666666667 0.00977995110024
0.666666666667 0.00975609756098
0.666666666667 0.00973236009732
0.666666666667 0.00970873786408
0.666666666667 0.00968523002421
0.666666666667 0.00966183574879
0.666666666667 0.00963855421687
0.666666666667 0.00961538461538
0.666666666667 0.00959232613909
0.666666666667 0.00956937799043
0.666666666667 0.00954653937947
0.666666666667 0.00952380952381
0.666666666667 0.00950118764846
0.666666666667 0.00947867298578
0.666666666667 0.00945626477541
0.666666666667 0.00943396226415
0.666666666667 0.00941176470588
0.666666666667 0.0093896713615
0.666666666667 0.00936768149883
0.666666666667 0.00934579439252
0.666666666667 0.00932400932401
0.666666666667 0.0093023255814
0.666666666667 0.0092807424594
0.666666666667 0.00925925925926
0.666666666667 0.00923787528868
0.666666666667 0.00921658986175
0.666666666667 0.00919540229885
0.666666666667 0.00917431192661
0.666666666667 0.0091533180778
0.666666666667 0.00913242009132
0.666666666667 0.00911161731207
0.666666666667 0.00909090909091
0.666666666667 0.00907029478458
0.666666666667 0.00904977375566
0.666666666667 0.00902934537246
0.666666666667 0.00900900900901
0.666666666667 0.00898876404494
0.666666666667 0.00896860986547
0.666666666667 0.0089485458613
0.666666666667 0.00892857142857
0.666666666667 0.00890868596882
0.666666666667 0.00888888888889
0.666666666667 0.00886917960089
0.666666666667 0.00884955752212
0.666666666667 0.00883002207506
0.666666666667 0.00881057268722
0.666666666667 0.00879120879121
0.666666666667 0.00877192982456
0.666666666667 0.00875273522976
0.666666666667 0.00873362445415
0.666666666667 0.00871459694989
0.666666666667 0.00869565217391
0.666666666667 0.00867678958785
0.666666666667 0.00865800865801
0.666666666667 0.00863930885529
0.666666666667 0.00862068965517
0.666666666667 0.00860215053763
0.666666666667 0.00858369098712
0.666666666667 0.00856531049251
0.666666666667 0.00854700854701
0.666666666667 0.00852878464819
0.666666666667 0.00851063829787
0.666666666667 0.00849256900212
0.666666666667 0.00847457627119
0.666666666667 0.00845665961945
0.666666666667 0.0084388185654
0.666666666667 0.00842105263158
0.666666666667 0.00840336134454
0.666666666667 0.0083857442348
0.666666666667 0.00836820083682
0.666666666667 0.00835073068894
0.666666666667 0.00833333333333
0.666666666667 0.00831600831601
0.666666666667 0.00829875518672
0.666666666667 0.00828157349896
0.666666666667 0.00826446280992
0.666666666667 0.00824742268041
0.666666666667 0.0082304526749
0.666666666667 0.0082135523614
0.666666666667 0.00819672131148
0.666666666667 0.0081799591002
0.666666666667 0.00816326530612
0.666666666667 0.0081466395112
0.666666666667 0.00813008130081
0.666666666667 0.00811359026369
0.666666666667 0.0080971659919
0.666666666667 0.00808080808081
0.666666666667 0.00806451612903
0.666666666667 0.00804828973843
0.666666666667 0.00803212851406
0.666666666667 0.00801603206413
0.666666666667 0.008
0.666666666667 0.00798403193613
0.666666666667 0.00796812749004
0.666666666667 0.00795228628231
0.666666666667 0.00793650793651
0.666666666667 0.00792079207921
0.666666666667 0.00790513833992
0.666666666667 0.00788954635108
0.666666666667 0.00787401574803
0.666666666667 0.00785854616896
0.666666666667 0.0078431372549
0.666666666667 0.00782778864971
0.666666666667 0.0078125
0.666666666667 0.00779727095517
0.666666666667 0.00778210116732
0.666666666667 0.00776699029126
0.666666666667 0.0077519379845
0.666666666667 0.00773694390716
0.666666666667 0.00772200772201
0.666666666667 0.00770712909441
0.666666666667 0.00769230769231
0.666666666667 0.00767754318618
0.666666666667 0.00766283524904
0.666666666667 0.00764818355641
0.666666666667 0.00763358778626
0.666666666667 0.00761904761905
0.666666666667 0.00760456273764
0.666666666667 0.00759013282732
0.666666666667 0.00757575757576
0.666666666667 0.00756143667297
0.666666666667 0.00754716981132
0.666666666667 0.0075329566855
0.666666666667 0.00751879699248
0.666666666667 0.00750469043152
0.666666666667 0.00749063670412
0.666666666667 0.00747663551402
0.666666666667 0.00746268656716
0.666666666667 0.00744878957169
0.666666666667 0.00743494423792
0.666666666667 0.00742115027829
0.666666666667 0.00740740740741
0.666666666667 0.00739371534196
0.666666666667 0.00738007380074
0.666666666667 0.0073664825046
0.666666666667 0.00735294117647
0.666666666667 0.00733944954128
0.666666666667 0.00732600732601
0.666666666667 0.0073126142596
0.666666666667 0.00729927007299
0.666666666667 0.00728597449909
0.666666666667 0.00727272727273
0.666666666667 0.00725952813067
0.666666666667 0.00724637681159
0.666666666667 0.00723327305606
0.666666666667 0.0072202166065
0.666666666667 0.00720720720721
0.666666666667 0.00719424460432
0.666666666667 0.00718132854578
0.666666666667 0.00716845878136
0.666666666667 0.00715563506261
0.666666666667 0.00714285714286
0.666666666667 0.00713012477718
0.666666666667 0.00711743772242
0.666666666667 0.00710479573712
0.666666666667 0.00709219858156
0.666666666667 0.0070796460177
0.666666666667 0.00706713780919
0.666666666667 0.00705467372134
0.666666666667 0.00704225352113
0.666666666667 0.00702987697715
0.666666666667 0.00701754385965
0.666666666667 0.00700525394046
0.666666666667 0.00699300699301
0.666666666667 0.00698080279232
0.666666666667 0.00696864111498
0.666666666667 0.00695652173913
0.666666666667 0.00694444444444
0.666666666667 0.00693240901213
0.666666666667 0.00692041522491
0.666666666667 0.00690846286701
0.666666666667 0.00689655172414
0.666666666667 0.00688468158348
0.666666666667 0.00687285223368
0.666666666667 0.00686106346484
0.666666666667 0.00684931506849
0.666666666667 0.00683760683761
0.666666666667 0.00682593856655
0.666666666667 0.00681431005111
0.666666666667 0.00680272108844
0.666666666667 0.00679117147708
0.666666666667 0.00677966101695
0.666666666667 0.00676818950931
0.666666666667 0.00675675675676
0.666666666667 0.00674536256324
0.666666666667 0.00673400673401
0.666666666667 0.00672268907563
0.666666666667 0.00671140939597
0.666666666667 0.00670016750419
0.666666666667 0.0066889632107
0.666666666667 0.00667779632721
0.666666666667 0.00666666666667
0.666666666667 0.00665557404326
0.666666666667 0.00664451827243
0.666666666667 0.00663349917081
0.666666666667 0.00662251655629
0.666666666667 0.00661157024793
0.666666666667 0.00660066006601
0.666666666667 0.00658978583196
0.666666666667 0.00657894736842
0.666666666667 0.00656814449918
0.666666666667 0.00655737704918
0.666666666667 0.00654664484452
0.666666666667 0.00653594771242
0.666666666667 0.00652528548124
0.666666666667 0.00651465798046
0.666666666667 0.00650406504065
0.666666666667 0.00649350649351
0.666666666667 0.0064829821718
0.666666666667 0.00647249190939
0.666666666667 0.0064620355412
0.666666666667 0.00645161290323
0.666666666667 0.00644122383253
0.666666666667 0.0064308681672
0.666666666667 0.00642054574639
0.666666666667 0.00641025641026
0.666666666667 0.0064
0.666666666667 0.00638977635783
0.666666666667 0.00637958532695
0.666666666667 0.00636942675159
0.666666666667 0.00635930047695
0.666666666667 0.00634920634921
0.666666666667 0.00633914421553
0.666666666667 0.00632911392405
0.666666666667 0.00631911532385
0.666666666667 0.00630914826498
0.666666666667 0.00629921259843
0.666666666667 0.0062893081761
0.666666666667 0.00627943485086
0.666666666667 0.00626959247649
0.666666666667 0.00625978090767
0.666666666667 0.00625
0.666666666667 0.00624024960998
0.666666666667 0.00623052959502
0.666666666667 0.00622083981337
0.666666666667 0.00621118012422
0.666666666667 0.0062015503876
0.666666666667 0.0061919504644
0.666666666667 0.00618238021638
0.666666666667 0.00617283950617
0.666666666667 0.00616332819723
0.666666666667 0.00615384615385
0.666666666667 0.00614439324117
0.666666666667 0.00613496932515
0.666666666667 0.00612557427259
0.666666666667 0.00611620795107
0.666666666667 0.00610687022901
0.666666666667 0.00609756097561
0.666666666667 0.00608828006088
0.666666666667 0.00607902735562
0.666666666667 0.00606980273141
0.666666666667 0.00606060606061
0.666666666667 0.00605143721634
0.666666666667 0.00604229607251
0.666666666667 0.00603318250377
0.666666666667 0.00602409638554
0.666666666667 0.00601503759398
0.666666666667 0.00600600600601
0.666666666667 0.00599700149925
0.666666666667 0.0059880239521
0.666666666667 0.00597907324365
0.666666666667 0.00597014925373
0.666666666667 0.00596125186289
0.666666666667 0.00595238095238
0.666666666667 0.00594353640416
0.666666666667 0.00593471810089
0.666666666667 0.00592592592593
0.666666666667 0.00591715976331
0.666666666667 0.00590841949778
0.666666666667 0.00589970501475
0.666666666667 0.00589101620029
0.666666666667 0.00588235294118
0.666666666667 0.00587371512482
0.666666666667 0.0058651026393
0.666666666667 0.00585651537335
0.666666666667 0.00584795321637
0.666666666667 0.00583941605839
0.666666666667 0.00583090379009
0.666666666667 0.00582241630277
0.666666666667 0.00581395348837
0.666666666667 0.00580551523948
0.666666666667 0.00579710144928
0.666666666667 0.00578871201158
0.666666666667 0.00578034682081
0.666666666667 0.00577200577201
0.666666666667 0.00576368876081
0.666666666667 0.00575539568345
0.666666666667 0.00574712643678
0.666666666667 0.00573888091822
0.666666666667 0.00573065902579
0.666666666667 0.00572246065808
0.666666666667 0.00571428571429
0.666666666667 0.00570613409415
0.666666666667 0.00569800569801
0.666666666667 0.00568990042674
0.666666666667 0.00568181818182
0.666666666667 0.00567375886525
0.666666666667 0.0056657223796
0.666666666667 0.00565770862801
0.666666666667 0.00564971751412
0.666666666667 0.00564174894217
0.666666666667 0.0056338028169
0.666666666667 0.00563063063063
0.666666666667 0.00563063063063
0.666666666667 0.00563063063063
0.666666666667 0.00563063063063
0.666666666667 0.00563063063063
0.666666666667 0.00563063063063
0.666666666667 0.00563063063063
0.666666666667 0.00563063063063
0.666666666667 0.00563063063063
0.666666666667 0.00563063063063
0.666666666667 0.00563063063063
0.666666666667 0.00563063063063
0.666666666667 0.00563063063063
0.666666666667 0.00563063063063
0.666666666667 0.00563063063063
0.666666666667 0.00563063063063
0.666666666667 0.00563063063063
0.666666666667 0.00563063063063
0.666666666667 0.00563063063063
0.666666666667 0.00563063063063
0.666666666667 0.00563063063063
0.666666666667 0.00563063063063
0.666666666667 0.00563063063063
0.666666666667 0.00563063063063
0.666666666667 0.00563063063063
0.666666666667 0.00563063063063
0.666666666667 0.00563063063063
0.666666666667 0.00563063063063
0.666666666667 0.00563063063063
0.666666666667 0.00563063063063
0.666666666667 0.00563063063063
0.666666666667 0.00563063063063
0.666666666667 0.00563063063063
0.666666666667 0.00563063063063
0.666666666667 0.00563063063063
0.666666666667 0.00563063063063
0.666666666667 0.00563063063063
0.666666666667 0.00563063063063
0.666666666667 0.00563063063063
0.666666666667 0.00563063063063
0.666666666667 0.00563063063063
0.666666666667 0.00563063063063
0.666666666667 0.00563063063063
0.666666666667 0.00563063063063
0.666666666667 0.00563063063063
0.666666666667 0.00563063063063
0.666666666667 0.00563063063063
0.666666666667 0.00563063063063
0.666666666667 0.00563063063063
0.666666666667 0.00563063063063
0.666666666667 0.00563063063063
0.666666666667 0.00563063063063
0.666666666667 0.00563063063063
0.666666666667 0.00563063063063
0.666666666667 0.00563063063063
0.666666666667 0.00563063063063
0.666666666667 0.00563063063063
0.666666666667 0.00563063063063
0.666666666667 0.00563063063063
0.666666666667 0.00563063063063
0.666666666667 0.00563063063063
0.666666666667 0.00563063063063
0.666666666667 0.00563063063063
0.666666666667 0.00563063063063
0.666666666667 0.00563063063063
0.666666666667 0.00563063063063
0.666666666667 0.00563063063063
0.666666666667 0.00563063063063
0.666666666667 0.00563063063063
0.666666666667 0.00563063063063
0.666666666667 0.00563063063063
0.666666666667 0.00563063063063
0.666666666667 0.00563063063063
0.666666666667 0.00563063063063
0.666666666667 0.00563063063063
0.666666666667 0.00563063063063
0.666666666667 0.00563063063063
0.666666666667 0.00563063063063
0.666666666667 0.00563063063063
0.666666666667 0.00563063063063
0.666666666667 0.00563063063063
0.666666666667 0.00563063063063
0.666666666667 0.00563063063063
0.666666666667 0.00563063063063
0.666666666667 0.00563063063063
0.666666666667 0.00563063063063
0.666666666667 0.00563063063063
0.666666666667 0.00563063063063
0.666666666667 0.00563063063063
0.666666666667 0.00563063063063
0.666666666667 0.00563063063063
0.666666666667 0.00563063063063
0.666666666667 0.00563063063063
0.666666666667 0.00563063063063
0.666666666667 0.00563063063063
0.666666666667 0.00563063063063
0.666666666667 0.00563063063063
0.666666666667 0.00563063063063
0.666666666667 0.00563063063063
0.666666666667 0.00563063063063
0.666666666667 0.00563063063063
0.666666666667 0.00563063063063
0.666666666667 0.00563063063063
0.666666666667 0.00563063063063
0.666666666667 0.00563063063063
0.666666666667 0.00563063063063
0.666666666667 0.00563063063063
0.666666666667 0.00563063063063
0.666666666667 0.00563063063063
0.666666666667 0.00563063063063
0.666666666667 0.00563063063063
0.666666666667 0.00563063063063
0.666666666667 0.00563063063063
0.666666666667 0.00563063063063
0.666666666667 0.00563063063063
0.666666666667 0.00563063063063
0.666666666667 0.00563063063063
0.666666666667 0.00563063063063
0.666666666667 0.00563063063063
0.666666666667 0.00563063063063
0.666666666667 0.00563063063063
0.666666666667 0.00563063063063
0.666666666667 0.00563063063063
0.666666666667 0.00563063063063
0.666666666667 0.00563063063063
0.666666666667 0.00563063063063
0.666666666667 0.00563063063063
0.666666666667 0.00563063063063
0.666666666667 0.00563063063063
0.666666666667 0.00563063063063
0.666666666667 0.00563063063063
0.666666666667 0.00563063063063
0.666666666667 0.00563063063063
0.666666666667 0.00563063063063
0.666666666667 0.00563063063063
0.666666666667 0.00563063063063
0.666666666667 0.00563063063063
0.666666666667 0.00563063063063
0.666666666667 0.00563063063063
0.666666666667 0.00563063063063
0.666666666667 0.00563063063063
0.666666666667 0.00563063063063
0.666666666667 0.00563063063063
0.666666666667 0.00563063063063
0.666666666667 0.00563063063063
0.666666666667 0.00563063063063
0.666666666667 0.00563063063063
0.666666666667 0.00563063063063
0.666666666667 0.00563063063063
0.666666666667 0.00563063063063
0.666666666667 0.00563063063063
0.666666666667 0.00563063063063
0.666666666667 0.00563063063063
0.666666666667 0.00563063063063
0.666666666667 0.00563063063063
0.666666666667 0.00563063063063
0.666666666667 0.00563063063063
0.666666666667 0.00563063063063
0.666666666667 0.00563063063063
0.666666666667 0.00563063063063
0.666666666667 0.00563063063063
0.666666666667 0.00563063063063
0.666666666667 0.00563063063063
0.666666666667 0.00563063063063
0.666666666667 0.00563063063063
0.666666666667 0.00563063063063
0.666666666667 0.00563063063063
0.666666666667 0.00563063063063
0.666666666667 0.00563063063063
0.666666666667 0.00563063063063
0.666666666667 0.00563063063063
0.666666666667 0.00563063063063
0.666666666667 0.00563063063063
0.666666666667 0.00563063063063
0.666666666667 0.00563063063063
0.666666666667 0.00563063063063
0.666666666667 0.00563063063063
0.833333333333 0.00563063063063
0.833333333333 0.00562429696288
0.833333333333 0.00561797752809
0.833333333333 0.00561167227834
0.833333333333 0.00560538116592
0.833333333333 0.00559910414334
0.833333333333 0.00559284116331
0.833333333333 0.00558659217877
0.833333333333 0.00558035714286
0.833333333333 0.00557413600892
0.833333333333 0.00556792873051
0.833333333333 0.0055617352614
0.833333333333 0.00555555555556
0.833333333333 0.00554938956715
0.833333333333 0.00554323725055
0.833333333333 0.00553709856035
0.833333333333 0.00553097345133
0.833333333333 0.00552486187845
0.833333333333 0.00551876379691
0.833333333333 0.00551267916207
0.833333333333 0.00550660792952
0.833333333333 0.00550055005501
0.833333333333 0.00549450549451
0.833333333333 0.00548847420417
0.833333333333 0.00548245614035
0.833333333333 0.00547645125958
0.833333333333 0.0054704595186
0.833333333333 0.00546448087432
0.833333333333 0.00545851528384
0.833333333333 0.00545256270447
0.833333333333 0.00544662309368
0.833333333333 0.00544069640914
0.833333333333 0.0054347826087
0.833333333333 0.00542888165038
0.833333333333 0.00542299349241
0.833333333333 0.00541711809317
0.833333333333 0.00541125541126
0.833333333333 0.00540540540541
0.833333333333 0.00539956803456
0.833333333333 0.00539374325782
0.833333333333 0.00538793103448
0.833333333333 0.005382131324
0.833333333333 0.00537634408602
0.833333333333 0.00537056928034
0.833333333333 0.00536480686695
0.833333333333 0.005359056806
0.833333333333 0.00535331905782
0.833333333333 0.00534759358289
0.833333333333 0.00534188034188
0.833333333333 0.00533617929562
0.833333333333 0.00533049040512
0.833333333333 0.00532481363152
0.833333333333 0.00531914893617
0.833333333333 0.00531349628055
0.833333333333 0.00530785562633
0.833333333333 0.00530222693531
0.833333333333 0.00529661016949
0.833333333333 0.00529100529101
0.833333333333 0.00528541226216
0.833333333333 0.00527983104541
0.833333333333 0.00527426160338
0.833333333333 0.00526870389884
0.833333333333 0.00526315789474
0.833333333333 0.00525762355415
0.833333333333 0.00525210084034
0.833333333333 0.00524658971668
0.833333333333 0.00524109014675
0.833333333333 0.00523560209424
0.833333333333 0.00523012552301
0.833333333333 0.00522466039707
0.833333333333 0.00521920668058
0.833333333333 0.00521376433785
0.833333333333 0.00520833333333
0.833333333333 0.00520291363163
0.833333333333 0.00519750519751
0.833333333333 0.00519210799585
0.833333333333 0.0051867219917
0.833333333333 0.00518134715026
0.833333333333 0.00517598343685
0.833333333333 0.00517063081696
0.833333333333 0.0051652892562
0.833333333333 0.00515995872033
0.833333333333 0.00515463917526
0.833333333333 0.00514933058702
0.833333333333 0.00514403292181
0.833333333333 0.00513874614594
0.833333333333 0.00513347022587
0.833333333333 0.00512820512821
0.833333333333 0.00512295081967
0.833333333333 0.00511770726714
0.833333333333 0.00511247443763
0.833333333333 0.00510725229826
0.833333333333 0.00510204081633
0.833333333333 0.00509683995923
0.833333333333 0.0050916496945
0.833333333333 0.00508646998983
0.833333333333 0.00508130081301
0.833333333333 0.00507614213198
0.833333333333 0.00507099391481
0.833333333333 0.00506585612969
0.833333333333 0.00506072874494
0.833333333333 0.00505561172902
0.833333333333 0.00505050505051
0.833333333333 0.0050454086781
0.833333333333 0.00504032258065
0.833333333333 0.00503524672709
0.833333333333 0.00503018108652
0.833333333333 0.00502512562814
0.833333333333 0.00502008032129
0.833333333333 0.00501504513541
0.833333333333 0.00501002004008
0.833333333333 0.00500500500501
0.833333333333 0.005
