0.0 0.2
0.0 0.2
0.0 0.2
0.0 0.2
0.125 0.2
0.125 0.181818181818
0.125 0.181818181818
0.125 0.181818181818
0.125 0.181818181818
0.125 0.181818181818
0.25 0.181818181818
0.25 0.166666666667
0.25 0.157894736842
0.25 0.157894736842
0.25 0.157894736842
0.25 0.157894736842
0.25 0.157894736842
0.25 0.157894736842
0.375 0.157894736842
0.375 0.15
0.375 0.142857142857
0.375 0.136363636364
0.375 0.130434782609
0.375 0.125
0.375 0.12
0.375 0.115384615385
0.375 0.111111111111
0.375 0.107142857143
0.375 0.103448275862
0.375 0.1
0.375 0.0967741935484
0.375 0.09375
0.375 0.0909090909091
0.375 0.0882352941176
0.375 0.0857142857143
0.375 0.0833333333333
0.375 0.0810810810811
0.375 0.0789473684211
0.375 0.0769230769231
0.375 0.075
0.375 0.0731707317073
0.375 0.0714285714286
0.375 0.0697674418605
0.375 0.0681818181818
0.375 0.0666666666667
0.375 0.0652173913043
0.375 0.0641025641026
0.375 0.0641025641026
0.375 0.0641025641026
0.375 0.0641025641026
0.375 0.0641025641026
0.375 0.0641025641026
0.375 0.0641025641026
0.375 0.0641025641026
0.375 0.0641025641026
0.375 0.0641025641026
0.375 0.0641025641026
0.375 0.0641025641026
0.375 0.0641025641026
0.375 0.0641025641026
0.375 0.0641025641026
0.375 0.0641025641026
0.375 0.0641025641026
0.375 0.0641025641026
0.375 0.0641025641026
0.375 0.0641025641026
0.375 0.0641025641026
0.375 0.0641025641026
0.375 0.0641025641026
0.375 0.0641025641026
0.375 0.0641025641026
0.375 0.0641025641026
0.375 0.0641025641026
0.5 0.0641025641026
0.5 0.0641025641026
0.5 0.0641025641026
0.5 0.0641025641026
0.625 0.0641025641026
0.625 0.0632911392405
0.625 0.0625
0.625 0.0617283950617
0.625 0.0609756097561
0.625 0.0602409638554
0.625 0.0595238095238
0.625 0.0588235294118
0.625 0.0581395348837
0.625 0.0574712643678
0.625 0.0568181818182
0.625 0.0561797752809
0.625 0.0555555555556
0.625 0.0549450549451
0.625 0.054347826087
0.625 0.0537634408602
0.625 0.0531914893617
0.625 0.0526315789474
0.625 0.0521739130435
0.625 0.0521739130435
0.625 0.0521739130435
0.625 0.0521739130435
0.625 0.0521739130435
0.625 0.0521739130435
0.625 0.0521739130435
0.625 0.0521739130435
0.625 0.0521739130435
0.625 0.0521739130435
0.625 0.0521739130435
0.625 0.0521739130435
0.625 0.0521739130435
0.625 0.0521739130435
0.625 0.0521739130435
0.625 0.0521739130435
0.625 0.0521739130435
0.625 0.0521739130435
0.625 0.0521739130435
0.75 0.0521739130435
0.75 0.051724137931
0.75 0.0512820512821
0.75 0.0508474576271
0.75 0.0504201680672
0.75 0.05
0.75 0.0495867768595
0.75 0.0491803278689
0.75 0.0487804878049
0.75 0.0483870967742
0.75 0.048
0.75 0.047619047619
0.75 0.0472440944882
0.75 0.046875
0.75 0.046511627907
0.75 0.0461538461538
0.75 0.0458015267176
0.75 0.0454545454545
0.75 0.0451127819549
0.75 0.044776119403
0.75 0.0444444444444
0.75 0.0441176470588
0.75 0.043795620438
0.75 0.0434782608696
0.75 0.0431654676259
0.75 0.0428571428571
0.75 0.0425531914894
0.75 0.0422535211268
0.75 0.041958041958
0.75 0.0416666666667
0.75 0.0413793103448
0.75 0.041095890411
0.75 0.0408163265306
0.75 0.0405405405405
0.75 0.0402684563758
0.75 0.04
0.75 0.0397350993377
0.75 0.0394736842105
0.75 0.0392156862745
0.75 0.038961038961
0.75 0.0387096774194
0.75 0.0384615384615
0.75 0.0382165605096
0.75 0.0379746835443
0.75 0.0377358490566
0.75 0.0375
0.75 0.0372670807453
0.75 0.037037037037
0.75 0.0368098159509
0.75 0.0365853658537
0.75 0.0363636363636
0.75 0.0361445783133
0.75 0.0359281437126
0.75 0.0357142857143
0.75 0.0355029585799
0.75 0.0352941176471
0.75 0.0350877192982
0.75 0.0348837209302
0.75 0.0346820809249
0.75 0.0344827586207
0.75 0.0342857142857
0.75 0.0340909090909
0.75 0.0338983050847
0.75 0.0337078651685
0.75 0.0335195530726
0.75 0.0333333333333
0.75 0.0331491712707
0.75 0.032967032967
0.75 0.0327868852459
0.75 0.0326086956522
0.75 0.0324324324324
0.75 0.0322580645161
0.75 0.0320855614973
0.75 0.031914893617
0.75 0.031746031746
0.75 0.0315789473684
0.75 0.0314136125654
0.75 0.03125
0.75 0.0310880829016
0.75 0.0309278350515
0.75 0.0307692307692
0.75 0.030612244898
0.75 0.0304568527919
0.75 0.030303030303
0.75 0.0301507537688
0.75 0.03
0.75 0.0298507462687
0.75 0.029702970297
0.75 0.0295566502463
0.75 0.0294117647059
0.75 0.0292682926829
0.75 0.0291262135922
0.75 0.0289855072464
0.75 0.0288461538462
0.75 0.0287081339713
0.75 0.0285714285714
0.75 0.0284360189573
0.75 0.0283018867925
0.75 0.0281690140845
0.75 0.0280373831776
0.75 0.0279069767442
0.75 0.0277777777778
0.75 0.0276497695853
0.75 0.0275229357798
0.75 0.027397260274
0.75 0.0272727272727
0.75 0.027149321267
0.75 0.027027027027
0.75 0.0269058295964
0.75 0.0267857142857
0.75 0.0266666666667
0.75 0.0265486725664
0.75 0.0264317180617
0.75 0.0263157894737
0.75 0.0262008733624
0.75 0.0260869565217
0.75 0.025974025974
0.75 0.0258620689655
0.75 0.0257510729614
0.75 0.025641025641
0.75 0.0255319148936
0.75 0.0254237288136
0.75 0.0253164556962
0.75 0.0252100840336
0.75 0.0251046025105
0.75 0.025
0.75 0.0248962655602
0.75 0.0247933884298
0.75 0.0246913580247
0.75 0.0245901639344
0.75 0.0244897959184
0.75 0.0243902439024
0.75 0.0242914979757
0.75 0.0241935483871
0.75 0.0240963855422
0.75 0.024
0.75 0.0239043824701
0.75 0.0238095238095
0.75 0.0237154150198
0.75 0.0236220472441
0.75 0.0235294117647
0.75 0.0234375
0.75 0.0233463035019
0.75 0.0232558139535
0.75 0.023166023166
0.75 0.0230769230769
0.75 0.0229885057471
0.75 0.0229007633588
0.75 0.0228136882129
0.75 0.0227272727273
0.75 0.022641509434
0.75 0.0225563909774
0.75 0.0224719101124
0.75 0.0223880597015
0.75 0.0223048327138
0.75 0.0222222222222
0.75 0.0221402214022
0.75 0.0220588235294
0.75 0.021978021978
0.75 0.021897810219
0.75 0.0218181818182
0.75 0.0217391304348
0.75 0.0216606498195
0.75 0.0215827338129
0.75 0.0215053763441
0.75 0.0214285714286
0.75 0.0213523131673
0.75 0.0212765957447
0.75 0.0212014134276
0.75 0.0211267605634
0.75 0.0210526315789
0.75 0.020979020979
0.75 0.0209059233449
0.75 0.0208333333333
0.75 0.0207612456747
0.75 0.0206896551724
0.75 0.020618556701
0.75 0.0205479452055
0.75 0.0204778156997
0.75 0.0204081632653
0.75 0.0203389830508
0.75 0.0202702702703
0.75 0.020202020202
0.75 0.0201342281879
0.75 0.0200668896321
0.75 0.02
0.75 0.0199335548173
0.75 0.0198675496689
0.75 0.019801980198
0.75 0.0197368421053
0.75 0.0196721311475
0.75 0.0196078431373
0.75 0.0195439739414
0.75 0.0194805194805
0.75 0.0194174757282
0.75 0.0193548387097
0.75 0.0192926045016
0.75 0.0192307692308
0.75 0.0191693290735
0.75 0.0191082802548
0.75 0.0190476190476
0.75 0.0189873417722
0.75 0.018927444795
0.75 0.0188679245283
0.75 0.0188087774295
0.75 0.01875
0.75 0.018691588785
0.75 0.0186335403727
0.75 0.0185758513932
0.75 0.0185185185185
0.75 0.0184615384615
0.75 0.0184049079755
0.75 0.0183486238532
0.75 0.0182926829268
0.75 0.0182370820669
0.75 0.0181818181818
0.75 0.0181268882175
0.75 0.0180722891566
0.75 0.018018018018
0.75 0.0179640718563
0.75 0.0179104477612
0.75 0.0178571428571
0.75 0.0178041543027
0.75 0.0177514792899
0.75 0.0176991150442
0.75 0.0176470588235
0.75 0.0175953079179
0.75 0.0175438596491
0.75 0.0174927113703
0.75 0.0174418604651
0.75 0.0173913043478
0.75 0.0173410404624
0.75 0.0172910662824
0.75 0.0172413793103
0.75 0.0171919770774
0.75 0.0171428571429
0.75 0.017094017094
0.75 0.0170454545455
0.75 0.0169971671388
0.75 0.0169491525424
0.75 0.0169014084507
0.75 0.0168539325843
0.75 0.0168067226891
0.75 0.0167597765363
0.75 0.016713091922
0.75 0.0166666666667
0.75 0.016620498615
0.75 0.0165745856354
0.75 0.0165289256198
0.75 0.0164835164835
0.75 0.0164383561644
0.75 0.016393442623
0.75 0.016348773842
0.75 0.0163043478261
0.75 0.0162601626016
0.75 0.0162162162162
0.75 0.0161725067385
0.75 0.0161290322581
0.75 0.0160857908847
0.75 0.0160427807487
0.75 0.016
0.75 0.0159574468085
0.75 0.0159151193634
0.75 0.015873015873
0.75 0.0158311345646
0.75 0.0157894736842
0.75 0.0157480314961
0.75 0.0157068062827
0.75 0.0156657963446
0.75 0.015625
0.75 0.0155844155844
0.75 0.0155440414508
0.75 0.015503875969
0.75 0.0154639175258
0.75 0.0154241645244
0.75 0.0153846153846
0.75 0.0153452685422
0.75 0.015306122449
0.75 0.0152671755725
0.75 0.0152284263959
0.75 0.0151898734177
0.75 0.0151515151515
0.75 0.0151133501259
0.75 0.0150753768844
0.75 0.015037593985
0.75 0.015
0.75 0.0149625935162
0.75 0.0149253731343
0.75 0.014888337469
0.75 0.0148514851485
0.75 0.0148148148148
0.75 0.0147783251232
0.75 0.014742014742
0.75 0.0147058823529
0.75 0.0146699266504
0.75 0.0146341463415
0.75 0.014598540146
0.75 0.0145631067961
0.75 0.0145278450363
0.75 0.0144927536232
0.75 0.0144578313253
0.75 0.0144230769231
0.75 0.0143884892086
0.75 0.0143540669856
0.75 0.0143198090692
0.75 0.0142857142857
0.75 0.0142517814727
0.75 0.0142180094787
0.75 0.0141843971631
0.75 0.0141509433962
0.75 0.0141176470588
0.75 0.0140845070423
0.75 0.0140515222482
0.75 0.0140186915888
0.75 0.013986013986
0.75 0.0139534883721
0.75 0.0139211136891
0.75 0.0138888888889
0.75 0.013856812933
0.75 0.0138248847926
0.75 0.0137931034483
0.75 0.0137614678899
0.75 0.0137299771167
0.75 0.013698630137
0.75 0.0136674259681
0.75 0.0136363636364
0.75 0.0136054421769
0.75 0.0135746606335
0.75 0.0135440180587
0.75 0.0135135135135
0.75 0.0134831460674
0.75 0.0134529147982
0.75 0.0134228187919
0.75 0.0133928571429
0.75 0.0133630289532
0.75 0.0133333333333
0.75 0.0133037694013
0.75 0.0132743362832
0.75 0.0132450331126
0.75 0.0132158590308
0.75 0.0131868131868
0.75 0.0131578947368
0.75 0.0131291028446
0.75 0.0131004366812
0.75 0.0130718954248
0.75 0.0130434782609
0.75 0.0130151843818
0.75 0.012987012987
0.75 0.0129589632829
0.75 0.0129310344828
0.75 0.0129032258065
0.75 0.0128755364807
0.75 0.0128479657388
0.75 0.0128205128205
0.75 0.0127931769723
0.75 0.0127659574468
0.75 0.0127388535032
0.75 0.0127118644068
0.75 0.0126849894292
0.75 0.0126582278481
0.75 0.0126315789474
0.75 0.0126050420168
0.75 0.0125786163522
0.75 0.0125523012552
0.75 0.0125260960334
0.75 0.0125
0.75 0.012474012474
0.75 0.0124481327801
0.75 0.0124223602484
0.75 0.0123966942149
0.75 0.0123711340206
0.75 0.0123456790123
0.75 0.0123203285421
0.75 0.0122950819672
0.75 0.0122699386503
0.75 0.0122448979592
0.75 0.0122199592668
0.75 0.0121951219512
0.75 0.0121703853955
0.75 0.0121457489879
0.75 0.0121212121212
0.75 0.0120967741935
0.75 0.0120724346076
0.75 0.0120481927711
0.75 0.0120240480962
0.75 0.012
0.75 0.0119760479042
0.75 0.0119521912351
0.75 0.0119284294235
0.75 0.0119047619048
0.75 0.0118811881188
0.75 0.0118577075099
0.75 0.0118343195266
0.75 0.011811023622
0.75 0.0117878192534
0.75 0.0117647058824
0.75 0.0117416829746
0.75 0.01171875
0.75 0.0116959064327
0.75 0.011673151751
0.75 0.0116504854369
0.75 0.0116279069767
0.75 0.0116054158607
0.75 0.011583011583
0.75 0.0115606936416
0.75 0.0115384615385
0.75 0.0115163147793
0.75 0.0114942528736
0.75 0.0114722753346
0.75 0.0114503816794
0.75 0.0114285714286
0.75 0.0114068441065
0.75 0.011385199241
0.75 0.0113636363636
0.75 0.0113421550095
0.75 0.011320754717
0.75 0.0112994350282
0.75 0.0112781954887
0.75 0.0112570356473
0.75 0.0112359550562
0.75 0.011214953271
0.75 0.0111940298507
0.75 0.0111731843575
0.75 0.0111524163569
0.75 0.0111317254174
0.75 0.0111111111111
0.75 0.0110905730129
0.75 0.0110701107011
0.75 0.0110497237569
0.75 0.0110294117647
0.75 0.0110091743119
0.75 0.010989010989
0.75 0.0109689213894
0.75 0.0109489051095
0.75 0.0109289617486
0.75 0.0109090909091
0.75 0.010889292196
0.75 0.0108695652174
0.75 0.0108499095841
0.75 0.0108303249097
0.75 0.0108108108108
0.75 0.0107913669065
0.75 0.0107719928187
0.75 0.010752688172
0.75 0.0107334525939
0.75 0.0107142857143
0.75 0.0106951871658
0.75 0.0106761565836
0.75 0.0106571936057
0.75 0.0106382978723
0.75 0.0106194690265
0.75 0.0106007067138
0.75 0.010582010582
0.75 0.0105633802817
0.75 0.0105448154657
0.75 0.0105263157895
0.75 0.0105078809107
0.75 0.0104895104895
0.75 0.0104712041885
0.75 0.0104529616725
0.75 0.0104347826087
0.75 0.0104166666667
0.75 0.0103986135182
0.75 0.0103806228374
0.75 0.0103626943005
0.75 0.0103448275862
0.75 0.0103270223752
0.75 0.0103092783505
0.75 0.0102915951973
0.75 0.0102739726027
0.75 0.0102564102564
0.75 0.0102389078498
0.75 0.0102214650767
0.75 0.0102040816327
0.75 0.0101867572156
0.75 0.0101694915254
0.75 0.010152284264
0.75 0.0101351351351
0.75 0.0101180438449
0.75 0.010101010101
0.75 0.0100840336134
0.75 0.010067114094
0.75 0.0100502512563
0.75 0.0100334448161
0.75 0.0100166944908
0.75 0.01
0.75 0.00998336106489
0.75 0.00996677740864
0.75 0.00995024875622
0.75 0.00993377483444
0.75 0.0099173553719
0.75 0.00990099009901
0.75 0.00988467874794
0.75 0.00986842105263
0.75 0.00985221674877
0.75 0.00983606557377
0.75 0.00981996726678
0.75 0.00980392156863
0.75 0.00978792822186
0.75 0.00977198697068
0.75 0.00975609756098
0.75 0.00974025974026
0.75 0.0097244732577
0.75 0.00970873786408
0.75 0.00969305331179
0.75 0.00967741935484
0.75 0.00966183574879
0.75 0.0096463022508
0.75 0.00963081861958
0.75 0.00961538461538
0.75 0.0096
0.75 0.00958466453674
0.75 0.00956937799043
0.75 0.00955414012739
0.75 0.00953895071542
0.75 0.00952380952381
0.75 0.0095087163233
0.75 0.00949367088608
0.75 0.00947867298578
0.75 0.00946372239748
0.75 0.00944881889764
0.75 0.00943396226415
0.75 0.0094191522763
0.75 0.00940438871473
0.75 0.0093896713615
0.75 0.009375
0.75 0.00936037441498
0.75 0.00934579439252
0.75 0.00933125972006
0.75 0.00931677018634
0.75 0.0093023255814
0.75 0.00928792569659
0.75 0.00927357032457
0.75 0.00925925925926
0.75 0.00924499229584
0.75 0.00923076923077
0.75 0.00921658986175
0.75 0.00920245398773
0.75 0.00918836140888
0.75 0.00917431192661
0.75 0.00916030534351
0.75 0.00914634146341
0.75 0.00913242009132
0.75 0.00911854103343
0.75 0.00910470409712
0.75 0.00909090909091
0.75 0.00907715582451
0.75 0.00906344410876
0.75 0.00904977375566
0.75 0.00903614457831
0.75 0.00902255639098
0.75 0.00900900900901
0.75 0.00899550224888
0.75 0.00898203592814
0.75 0.00896860986547
0.75 0.0089552238806
0.75 0.00894187779434
0.75 0.00892857142857
0.75 0.00891530460624
0.75 0.00890207715134
0.75 0.00888888888889
0.75 0.00887573964497
0.75 0.00886262924668
0.75 0.00884955752212
0.75 0.00883652430044
0.75 0.00882352941176
0.75 0.00881057268722
0.75 0.00879765395894
0.75 0.00878477306003
0.75 0.00877192982456
0.75 0.00875912408759
0.75 0.00874635568513
0.75 0.00873362445415
0.75 0.00872093023256
0.75 0.00870827285922
0.75 0.00869565217391
0.75 0.00868306801737
0.75 0.00867052023121
0.75 0.00865800865801
0.75 0.00864553314121
0.75 0.00863309352518
0.75 0.00862068965517
0.75 0.00860832137733
0.75 0.00859598853868
0.75 0.00858369098712
0.75 0.00857142857143
0.75 0.00855920114123
0.75 0.00854700854701
0.75 0.00853485064011
0.75 0.00852272727273
0.75 0.00851063829787
0.75 0.00849858356941
0.75 0.00848656294201
0.75 0.00847457627119
0.75 0.00846262341326
0.75 0.00845070422535
0.75 0.0084388185654
0.75 0.00842696629213
0.75 0.00841514726508
0.75 0.00840336134454
0.75 0.00839160839161
0.75 0.00837988826816
0.75 0.00836820083682
0.75 0.008356545961
0.75 0.00834492350487
0.75 0.00833333333333
0.75 0.00832177531207
0.75 0.00831024930748
0.75 0.00829875518672
0.75 0.00828729281768
0.75 0.00827586206897
0.75 0.00826446280992
0.75 0.00825309491059
0.75 0.00824175824176
0.75 0.0082304526749
0.75 0.00821917808219
0.75 0.00820793433653
0.75 0.00819672131148
0.75 0.00818553888131
0.75 0.00817438692098
0.75 0.00816326530612
0.75 0.00815217391304
0.75 0.00814111261872
0.75 0.00813008130081
0.75 0.00811907983762
0.75 0.00810810810811
0.75 0.0080971659919
0.75 0.00808625336927
0.75 0.00807537012113
0.75 0.00806451612903
0.75 0.00805369127517
0.75 0.00804289544236
0.75 0.00803212851406
0.75 0.00802139037433
0.75 0.00801068090788
0.75 0.008
0.75 0.00798934753662
0.75 0.00797872340426
0.75 0.00796812749004
0.75 0.0079575596817
0.75 0.00794701986755
0.75 0.00793650793651
0.75 0.00792602377807
0.75 0.00791556728232
0.75 0.00790513833992
0.75 0.00789473684211
0.75 0.00788436268068
0.75 0.00787401574803
0.75 0.00786369593709
0.75 0.00785340314136
0.75 0.0078431372549
0.75 0.00783289817232
0.75 0.00782268578879
0.75 0.0078125
0.75 0.00780234070221
0.75 0.00779220779221
0.75 0.00778210116732
0.75 0.00777202072539
0.75 0.00776196636481
0.75 0.0077519379845
0.75 0.00774193548387
0.75 0.00773195876289
0.75 0.00772200772201
0.75 0.00771208226221
0.75 0.00770218228498
0.75 0.00769230769231
0.75 0.00768245838668
0.75 0.0076726342711
0.75 0.00766283524904
0.75 0.00765306122449
0.75 0.00764331210191
0.75 0.00763358778626
0.75 0.00762388818297
0.75 0.00761421319797
0.75 0.00760456273764
0.75 0.00759493670886
0.75 0.00758533501896
0.75 0.00757575757576
0.75 0.00756620428752
0.75 0.00755667506297
0.75 0.00754716981132
0.75 0.00753768844221
0.75 0.00752823086575
0.75 0.00751879699248
0.75 0.00750938673342
0.75 0.0075
0.75 0.00749063670412
0.75 0.0074812967581
0.75 0.00747198007472
0.75 0.00746268656716
0.75 0.00745341614907
0.75 0.00744416873449
0.75 0.00743494423792
0.75 0.00742574257426
0.75 0.00741656365884
0.75 0.00740740740741
0.75 0.00739827373613
0.75 0.00738916256158
0.75 0.00738007380074
0.75 0.00737100737101
0.75 0.00736196319018
0.75 0.00735294117647
0.75 0.00734394124847
0.75 0.00733496332518
0.75 0.00732600732601
0.75 0.00731707317073
0.75 0.00730816077954
0.75 0.00729927007299
0.75 0.00729040097205
0.75 0.00728155339806
0.75 0.00727272727273
0.75 0.00726392251816
0.75 0.00725513905683
0.75 0.00724637681159
0.75 0.00723763570567
0.75 0.00722891566265
0.75 0.0072202166065
0.75 0.00721153846154
0.75 0.00720288115246
0.75 0.00719424460432
0.75 0.00718562874251
0.75 0.00717703349282
0.75 0.00716845878136
0.75 0.00715990453461
0.75 0.00715137067938
0.75 0.00714285714286
0.75 0.00713557594292
0.75 0.00713557594292
0.75 0.00713557594292
0.75 0.00713557594292
0.75 0.00713557594292
0.75 0.00713557594292
0.75 0.00713557594292
0.75 0.00713557594292
0.75 0.00713557594292
0.75 0.00713557594292
0.75 0.00713557594292
0.75 0.00713557594292
0.75 0.00713557594292
0.75 0.00713557594292
0.75 0.00713557594292
0.75 0.00713557594292
0.75 0.00713557594292
0.75 0.00713557594292
0.75 0.00713557594292
0.75 0.00713557594292
0.75 0.00713557594292
0.75 0.00713557594292
0.75 0.00713557594292
0.75 0.00713557594292
0.75 0.00713557594292
0.75 0.00713557594292
0.75 0.00713557594292
0.75 0.00713557594292
0.75 0.00713557594292
0.75 0.00713557594292
0.75 0.00713557594292
0.75 0.00713557594292
0.75 0.00713557594292
0.75 0.00713557594292
0.75 0.00713557594292
0.75 0.00713557594292
0.75 0.00713557594292
0.75 0.00713557594292
0.75 0.00713557594292
0.75 0.00713557594292
0.75 0.00713557594292
0.75 0.00713557594292
0.75 0.00713557594292
0.75 0.00713557594292
0.75 0.00713557594292
0.75 0.00713557594292
0.75 0.00713557594292
0.75 0.00713557594292
0.75 0.00713557594292
0.75 0.00713557594292
0.75 0.00713557594292
0.75 0.00713557594292
0.75 0.00713557594292
0.75 0.00713557594292
0.75 0.00713557594292
0.75 0.00713557594292
0.75 0.00713557594292
0.75 0.00713557594292
0.75 0.00713557594292
0.75 0.00713557594292
0.75 0.00713557594292
0.75 0.00713557594292
0.75 0.00713557594292
0.75 0.00713557594292
0.75 0.00713557594292
0.75 0.00713557594292
0.75 0.00713557594292
0.75 0.00713557594292
0.75 0.00713557594292
0.75 0.00713557594292
0.75 0.00713557594292
0.75 0.00713557594292
0.75 0.00713557594292
0.75 0.00713557594292
0.75 0.00713557594292
0.75 0.00713557594292
0.75 0.00713557594292
0.75 0.00713557594292
0.75 0.00713557594292
0.75 0.00713557594292
0.75 0.00713557594292
0.75 0.00713557594292
0.75 0.00713557594292
0.75 0.00713557594292
0.75 0.00713557594292
0.75 0.00713557594292
0.75 0.00713557594292
0.75 0.00713557594292
0.75 0.00713557594292
0.75 0.00713557594292
0.75 0.00713557594292
0.75 0.00713557594292
0.75 0.00713557594292
0.75 0.00713557594292
0.75 0.00713557594292
0.75 0.00713557594292
0.75 0.00713557594292
0.75 0.00713557594292
0.75 0.00713557594292
0.75 0.00713557594292
0.75 0.00713557594292
0.75 0.00713557594292
0.75 0.00713557594292
0.75 0.00713557594292
0.75 0.00713557594292
0.75 0.00713557594292
0.75 0.00713557594292
0.75 0.00713557594292
0.75 0.00713557594292
0.75 0.00713557594292
0.75 0.00713557594292
0.75 0.00713557594292
0.75 0.00713557594292
0.75 0.00713557594292
0.75 0.00713557594292
0.75 0.00713557594292
0.75 0.00713557594292
0.75 0.00713557594292
0.75 0.00713557594292
0.75 0.00713557594292
0.75 0.00713557594292
0.75 0.00713557594292
0.75 0.00713557594292
0.75 0.00713557594292
0.75 0.00713557594292
0.75 0.00713557594292
0.75 0.00713557594292
0.75 0.00713557594292
0.75 0.00713557594292
0.75 0.00713557594292
0.75 0.00713557594292
0.75 0.00713557594292
0.75 0.00713557594292
0.75 0.00713557594292
0.75 0.00713557594292
0.75 0.00713557594292
0.75 0.00713557594292
0.75 0.00713557594292
0.75 0.00713557594292
0.75 0.00713557594292
0.875 0.00713557594292
0.875 0.0071283095723
0.875 0.00712105798576
0.875 0.00711382113821
0.875 0.00710659898477
0.875 0.00709939148073
0.875 0.00709219858156
0.875 0.00708502024291
0.875 0.00707785642063
0.875 0.00707070707071
0.875 0.00706357214934
0.875 0.0070564516129
0.875 0.00704934541793
0.875 0.00704225352113
0.875 0.0070351758794
0.875 0.0070281124498
0.875 0.00702106318957
0.875 0.00701402805611
0.875 0.00700700700701
0.875 0.007
